{"Lx1":[0,1,2,3,5,7,15],"Lx2":[15,14,13,12,10,8,0],"op":"-","Ly":[15,14,13,12,10,8,0,16,15,14,13,11,9,1,17,16,15,14,12,10,2,18,17,16,15,13,11,3,20,19,18,17,15,13,5,22,21,20,19,17,15,7,30,29,28,27,25,23,15],"uLy2y":[[15,0.25],[14,0.25],[13,0.25],[12,0.25],[10,0.25],[8,0.25],[0,0.25],[16,0.25],[11,0.25],[9,0.25],[1,0.25],[17,0.5],[2,0.25],[18,0.75],[3,0.25],[20,1],[19,1],[5,0.25],[22,1.5],[21,1.5],[7,0.25],[30,4],[29,4],[28,4],[27,2],[25,2],[23,2]],"x1":[0.25,0.5,0.75,1,1.5,2,4],"y":[0,-0.25,-0.5,-0.75,-1.25,-1.75,-3.75,0.25,0,-0.25,-0.5,-1,-1.5,-3.5,0.5,0.25,0,-0.25,-0.75,-1.25,-3.25,0.75,0.5,0.25,0,-0.5,-1,-3,1.25,1,0.75,0.5,0,-0.5,-2.5,1.75,1.5,1.25,1,0.5,0,-2,3.75,3.5,3.25,3,2.5,2,0]}